{
  "description": "Pearson correlation matrix of all numeric variables",
  "operations": "select(where(is.numeric)), cor() with pairwise.complete.obs",
  "summary": [
    [1, 0.0095, 0.0065, -0.0162, -0.0333, 0.0078, -0.0141, 0.0024, 0.0174, 0.0015, -0.0045, -0.0051],
    [0.0095, 1, -0.0076, -0.0254, -0.0379, -0.029, -0.0298, -0.0133, -0.0195, 0.0163, 0.0122, -0.0363],
    [0.0065, -0.0076, 1, 0.0008, -0.0074, -0.0112, -0.0008, 0.014, -0.0012, 0.0025, 0.02, -0.0037],
    [-0.0162, -0.0254, 0.0008, 1, 0.0107, 0.0035, 0.0145, -0.0031, 0.0066, 0.0091, -0.0005, -0.0141],
    [-0.0333, -0.0379, -0.0074, 0.0107, 1, 0.0073, 0.0139, 0.007, 0.0006, 0.0233, 0.0115, 0.0186],
    [0.0078, -0.029, -0.0112, 0.0035, 0.0073, 1, -0.0054, 0.0051, 0.014, 0.0203, 0.0015, 0.0023],
    [-0.0141, -0.0298, -0.0008, 0.0145, 0.0139, -0.0054, 1, -0.0259, -0.0343, -0.0045, -0.0061, -0.0064],
    [0.0024, -0.0133, 0.014, -0.0031, 0.007, 0.0051, -0.0259, 1, -0.0185, 0.0041, -0.0152, -0.0035],
    [0.0174, -0.0195, -0.0012, 0.0066, 0.0006, 0.014, -0.0343, -0.0185, 1, -0.0127, 0.0042, 0.002],
    [0.0015, 0.0163, 0.0025, 0.0091, 0.0233, 0.0203, -0.0045, 0.0041, -0.0127, 1, 0.0046, -0.0034],
    [-0.0045, 0.0122, 0.02, -0.0005, 0.0115, 0.0015, -0.0061, -0.0152, 0.0042, 0.0046, 1, 0.0076],
    [-0.0051, -0.0363, -0.0037, -0.0141, 0.0186, 0.0023, -0.0064, -0.0035, 0.002, -0.0034, 0.0076, 1]
  ]
}
